1
2 10 4

-0.167699 0.00424207 -0.506272 
-0.429426 -0.980651 0.688772 
-0.527635 -0.770318 0.182653 
-3.05185e-05 -0.532456 0.461531 
-0.176183 0.101779 0.98114 
-0.219275 0.337443 0.994873 
-0.543199 -0.482833 -0.249611 
0.548814 0.435774 0.599536 
-0.378277 0.0526444 -0.846858 
-0.985717 -0.0854823 0.848201 


-0.167699 0.00424207 -0.506272 -0.429426 -0.980651 0.688772 -0.527635 -0.770318 0.182653 -3.05185e-05 -0.532456 
0.461531 -0.176183 0.101779 0.98114 -0.219275 0.337443 0.994873 -0.543199 -0.482833 -0.249611 0.548814 
0.435774 0.599536 -0.378277 0.0526444 -0.846858 -0.985717 -0.0854823 0.848201 0.889462 0.00344859 0.653859 
0.60741 0.387188 -0.937254 -0.818476 0.817316 -0.352519 -0.196753 0.821894 0.0339061 0.417402 -0.261391 


