2
2 4 4 4

0.323588 -0.290384 -0.10831 
-0.320658 0.251198 0.921506 
0.182165 0.2996 0.107212 
-0.370769 0.954039 0.130222 


0.323588 -0.290384 -0.10831 -0.320658 0.251198 
0.921506 0.182165 0.2996 0.107212 -0.370769 
0.954039 0.130222 -0.319376 -0.798883 0.89697 
-0.279763 0.470199 0.704581 -0.882015 -0.179907 


0.323588 -0.290384 -0.10831 -0.320658 0.251198 
0.921506 0.182165 0.2996 0.107212 -0.370769 
0.954039 0.130222 -0.319376 -0.798883 0.89697 
-0.279763 0.470199 0.704581 -0.882015 -0.179907 


