1
2 10 4

0.362529 -0.506943 0.799127 
0.306681 -0.0483718 0.180639 
0.000640889 0.0227363 -0.498398 
-0.544298 0.342082 0.674306 
-0.00833155 0.233009 0.521653 
0.839656 0.668691 0.827754 
0.426618 -0.64214 0.51207 
0.81048 0.819147 0.521897 
-0.0940886 0.240577 0.885067 
-0.319071 -0.919248 0.591479 


0.362529 -0.506943 0.799127 0.306681 -0.0483718 0.180639 0.000640889 0.0227363 -0.498398 -0.544298 0.342082 
0.674306 -0.00833155 0.233009 0.521653 0.839656 0.668691 0.827754 0.426618 -0.64214 0.51207 0.81048 
0.819147 0.521897 -0.0940886 0.240577 0.885067 -0.319071 -0.919248 0.591479 0.709159 0.0661946 0.887448 
0.679495 0.738212 0.651112 0.464644 -0.0909146 -0.705557 -0.140049 -0.635121 0.147435 0.203528 0.936155 


