1
2 8 4

0.564318 0.529344 0.00985748 
-0.0163274 0.190161 0.0646687 
-0.674917 0.793329 -0.0638142 
0.97766 0.105747 -0.0251778 
-0.424604 -0.753044 -0.478072 
-0.301981 0.556261 -0.346599 
0.853633 0.257363 0.594531 
0.253578 -0.681509 0.836238 


0.564318 0.529344 0.00985748 -0.0163274 0.190161 0.0646687 -0.674917 0.793329 -0.0638142 
0.97766 0.105747 -0.0251778 -0.424604 -0.753044 -0.478072 -0.301981 0.556261 -0.346599 
0.853633 0.257363 0.594531 0.253578 -0.681509 0.836238 0.628773 -0.236 -0.829768 
0.463851 -0.798639 0.667959 -0.371807 0.475204 0.327982 -0.14304 0.202063 0.787652 


