2
2 4 4 4

0.380352 -0.652333 0.608142 
0.470931 0.554613 0.474166 
-0.355693 0.0256661 0.17008 
-0.0198675 0.495102 0.0904263 


0.380352 -0.652333 0.608142 0.470931 0.554613 
0.474166 -0.355693 0.0256661 0.17008 -0.0198675 
0.495102 0.0904263 -0.0430006 -0.820246 -0.297037 
0.581225 0.535386 0.108615 0.475082 0.936766 


0.380352 -0.652333 0.608142 0.470931 0.554613 
0.474166 -0.355693 0.0256661 0.17008 -0.0198675 
0.495102 0.0904263 -0.0430006 -0.820246 -0.297037 
0.581225 0.535386 0.108615 0.475082 0.936766 


