1
2 10 3

0.327677 0.687735 -0.0108341 
-0.717277 -0.219886 0.238685 
0.756096 -0.710623 -0.861202 
-0.875851 -0.0781579 0.203833 
-0.477035 -0.500839 -0.516221 
-0.351176 0.221595 0.0251167 
0.872494 0.0873135 0.581286 
-0.543809 0.443464 -0.402081 
-0.0707114 0.120029 -0.714835 
-0.298318 0.344462 0.855525 


0.327677 0.687735 -0.0108341 -0.717277 -0.219886 0.238685 0.756096 -0.710623 -0.861202 -0.875851 -0.0781579 
0.203833 -0.477035 -0.500839 -0.516221 -0.351176 0.221595 0.0251167 0.872494 0.0873135 0.581286 -0.543809 
0.443464 -0.402081 -0.0707114 0.120029 -0.714835 -0.298318 0.344462 0.855525 0.655629 0.301431 0.0879238 


