2
2 4 4 4

-0.0242622 -0.394574 -0.787164 
0.993469 0.564684 -0.0530107 
0.007416 0.719047 0.361431 
-0.265908 0.820856 0.632984 


-0.0242622 -0.394574 -0.787164 0.993469 0.564684 
-0.0530107 0.007416 0.719047 0.361431 -0.265908 
0.820856 0.632984 0.920042 -0.932676 0.0637532 
0.368023 -0.250649 -0.801813 -0.353557 0.197974 


-0.0242622 -0.394574 -0.787164 0.993469 0.564684 
-0.0530107 0.007416 0.719047 0.361431 -0.265908 
0.820856 0.632984 0.920042 -0.932676 0.0637532 
0.368023 -0.250649 -0.801813 -0.353557 0.197974 


