1
2 8 3

0.47441 -0.416059 -0.0465407 
-0.555589 -0.910092 -0.952574 
-0.254067 -0.821772 -0.425886 
-0.520798 -0.0267037 0.401166 
0.773125 -0.46672 0.0961638 
-0.537828 0.445296 0.517563 
-0.558031 -0.373333 0.0533769 
-0.732902 0.834468 -0.564257 


0.47441 -0.416059 -0.0465407 -0.555589 -0.910092 -0.952574 -0.254067 -0.821772 -0.425886 
-0.520798 -0.0267037 0.401166 0.773125 -0.46672 0.0961638 -0.537828 0.445296 0.517563 
-0.558031 -0.373333 0.0533769 -0.732902 0.834468 -0.564257 -0.0639973 -0.119175 -0.365642 


