1
2 10 4

-0.636036 0.837153 -0.344584 
-0.728507 -0.142369 -0.146153 
-0.570971 0.530381 -0.810053 
-0.0126652 0.265358 -0.575915 
0.960875 -0.661977 0.165014 
0.0456862 -0.392621 -0.553331 
0.948241 0.607044 0.475143 
-0.667531 -0.609973 0.284341 
0.532701 -0.401654 0.155797 
0.660512 -0.705863 -0.0860317 


-0.636036 0.837153 -0.344584 -0.728507 -0.142369 -0.146153 -0.570971 0.530381 -0.810053 -0.0126652 0.265358 
-0.575915 0.960875 -0.661977 0.165014 0.0456862 -0.392621 -0.553331 0.948241 0.607044 0.475143 -0.667531 
-0.609973 0.284341 0.532701 -0.401654 0.155797 0.660512 -0.705863 -0.0860317 0.600513 -0.422163 0.510544 
0.191198 0.493393 0.213843 0.193701 0.762932 0.731315 -0.808588 -0.465865 -0.121616 0.102573 0.537461 


