1
2 10 3

0.0793786 0.346477 -0.303018 
-0.170019 -0.0416578 -0.252174 
-0.414777 0.267006 -0.794916 
-0.255409 0.153417 -0.421491 
0.148289 0.504257 0.439131 
-0.968627 0.847957 -0.734611 
-0.530564 0.314859 0.924986 
0.10007 -0.774957 -0.101962 
0.738151 -0.367718 -0.266884 
-0.998596 -0.27897 -0.723197 


0.0793786 0.346477 -0.303018 -0.170019 -0.0416578 -0.252174 -0.414777 0.267006 -0.794916 -0.255409 0.153417 
-0.421491 0.148289 0.504257 0.439131 -0.968627 0.847957 -0.734611 -0.530564 0.314859 0.924986 0.10007 
-0.774957 -0.101962 0.738151 -0.367718 -0.266884 -0.998596 -0.27897 -0.723197 0.601672 0.243202 0.69219 


